ProbeID	1 Avg_ctrl	1 Avg_treat	1 FoldChange	1 Rank_modT	1 Rank_WAD	1 RP_origPvalue	1 RP_correctedPvalue	1 Rank_RP	1 DEG	Homolog_GID
POPTR_0001s02190.1	20.14675117	49.02427911	2.433359041	53	499	4.00E-04	0.025157895	129	DEG	AT4G17770.1
POPTR_0010s19910.1	118.9862679	32.2295445	-3.691838334	576	127	1.00E-04	0.025157895	130	DEG	AT3G55830.1
POPTR_0003s21530.1	20.84778843	54.85272164	2.63110506	838	401	4.00E-04	0.024831169	128	DEG	AT3G13670.1
POPTR_0011s15220.1	143.679413	323.7985339	2.253618156	391	133	9.00E-04	0.036457627	214	DEG	AT2G45530.1
POPTR_0005s11100.1	54.36658497	230.9121013	4.247316646	338	31	0	0	2	DEG	AT4G35100.2
POPTR_0060s00250.1	106.5734196	241.3581904	2.264712827	1161	186	0.0015	0.045961538	302	DEG	AT4G27220.1
POPTR_0002s13100.1	35.74571607	14.93175559	-2.39393927	276	759	8.00E-04	0.040680851	259	DEG	AT1G47655.1
POPTR_0008s01950.1	324.1254403	98.551466	-3.288895167	10	48	1.00E-04	0.022761905	110	DEG	AT3G52060.1
POPTR_0017s14530.1	7.180356538	16.21291754	2.257954386	968	2077	0.0011	0.039533835	249	DEG	AT3G30390.2
POPTR_0019s00560.1	561.104264	1845.938311	3.289831194	158	11	1.00E-04	0.014484848	63	DEG	---
POPTR_0016s08790.1	60.49961916	26.35744505	-2.295352188	57	478	8.00E-04	0.040252632	257	DEG	AT5G03070.1
POPTR_0017s03500.1	16.91228865	105.3359551	6.228367861	3	58	0	0	8	DEG	AT3G21350.1
POPTR_0007s05160.1	424.8666404	155.8932841	-2.725368465	30	65	3.00E-04	0.029875	162	DEG	AT4G39980.1
POPTR_0010s01860.1	238.3606843	686.2397122	2.878997073	456	40	2.00E-04	0.019916667	90	DEG	AT3G21480.1
POPTR_0001s33670.1	17.61200956	6.46421248	-2.724540632	730	1665	5.00E-04	0.033194444	185	DEG	AT3G01930.2
POPTR_0008s17400.5	269.6664018	115.0776439	-2.343343092	816	166	0.0013	0.046721805	310	DEG	AT4G17740.1
POPTR_0012s07590.1	56.26592138	21.87133518	-2.572587404	139	393	4.00E-04	0.03083871	168	DEG	AT1G74850.1
POPTR_0003s09260.2	86.28042715	271.8117058	3.150328699	29	64	1.00E-04	0.013657143	60	DEG	AT5G52980.1
POPTR_0008s14550.1	5.484744861	32.32663136	5.89391707	195	446	0	0	9	DEG	AT1G24050.1
POPTR_0004s11210.1	21.46453761	9.187666235	-2.336233932	914	1402	0.0011	0.045327586	293	DEG	AT5G15730.2
POPTR_0017s08340.1	680.7406321	1340.100579	1.968592025	248	95	0.0018	0.048886364	330	DEG	AT5G15020.1
POPTR_0005s11670.1	442.738767	1091.786695	2.465983954	55	45	4.00E-04	0.024202532	123	DEG	AT5G66240.2
POPTR_0017s13730.1	267.8379532	85.36589433	-3.137528814	15	67	1.00E-04	0.019916667	91	DEG	AT4G12010.1
POPTR_0008s14760.1	15.47776297	38.13907088	2.464120361	886	629	5.00E-04	0.026263736	140	DEG	AT2G02860.1
POPTR_0009s12400.1	7.875762321	24.1669332	3.068519874	472	948	1.00E-04	0.013277778	59	DEG	AT2G16430.2
POPTR_0008s13820.1	14.27925875	29.64087239	2.075799095	220	1120	0.0015	0.045379747	295	DEG	AT1G25220.1
POPTR_0019s01160.1	174.0433212	40.5197803	-4.295268135	11	53	0	0	11	DEG	AT5G36930.2
POPTR_0001s34580.1	553.2623448	2280.263632	4.121487127	882	4	0	0	12	DEG	AT4G18240.1
POPTR_0016s04960.1	118.7473914	249.5703338	2.101691084	1285	176	0.0013	0.041704698	263	DEG	AT3G57880.1
POPTR_0001s13380.1	13.47583315	34.5237196	2.561898712	2162	490	2.00E-04	0.01912	85	DEG	AT5G13180.1
POPTR_0002s07800.1	18.45049848	8.378602035	-2.202097487	218	1697	0.0011	0.044940171	289	DEG	AT1G21560.2
POPTR_0018s01140.2	900.7660634	2543.280058	2.823463451	46	16	2.00E-04	0.018745098	83	DEG	AT5G11300.1
POPTR_0006s23260.1	104.7211076	278.4447547	2.658917206	25	98	2.00E-04	0.018384615	82	DEG	AT2G37310.1
POPTR_0017s02410.1	13.33819277	5.23352829	-2.548604313	429	2459	6.00E-04	0.035407407	207	DEG	AT4G05320.4
POPTR_0006s23360.1	9.173692484	18.86211532	2.056109397	293	1853	0.0017	0.047520468	319	DEG	AT5G20885.1
POPTR_0003s03360.2	33.00826844	13.28267403	-2.485061996	1960	640	6.00E-04	0.03497561	201	DEG	AT4G17140.3
POPTR_0002s06230.1	10.22518813	34.95482176	3.418501578	70	474	1.00E-04	0.012578947	57	DEG	AT1G14290.1
POPTR_0006s11350.1	18.9692126	73.74201674	3.887457972	14	158	0	0	17	DEG	AT3G54200.1
POPTR_0002s04490.1	270.1812778	620.253796	2.295694953	681	99	0.0011	0.038101449	234	DEG	AT1G55190.1
POPTR_0009s15590.1	137.2146822	38.70745223	-3.544916399	1707	61	0	0	18	DEG	AT5G20950.1
POPTR_0017s01650.1	12.25967802	5.436979646	-2.254869214	62	2751	8.00E-04	0.039020408	242	DEG	AT4G25680.1
POPTR_0014s07850.1	48.51271612	19.07418677	-2.543370089	687	509	6.00E-04	0.034554217	197	DEG	AT4G00530.1
POPTR_0008s19830.1	38.48855426	158.5369398	4.119067158	700	57	0	0	19	DEG	AT1G59990.1
POPTR_0003s13810.1	24.27164478	114.6951058	4.725477275	112	87	0	0	20	DEG	AT1G64350.1
POPTR_0007s14290.1	15.34307775	6.800250489	-2.25625185	182	2064	9.00E-04	0.039833333	253	DEG	AT5G10480.1
POPTR_0008s14880.1	140.687099	296.2900279	2.106021306	1333	123	9.00E-04	0.03585	210	DEG	AT3G06030.1
POPTR_0004s17460.1	11.05618846	22.32072362	2.018844351	99	1517	0.0015	0.043719512	273	DEG	AT4G34850.1
POPTR_0010s13170.3	279.3728728	1759.935825	6.299594542	1	3	0	0	24	DEG	AT1G25375.1
POPTR_0003s18070.1	24.40444139	60.73326259	2.488615151	454	371	4.00E-04	0.022761905	111	DEG	AT5G57970.1
POPTR_0006s23020.1	73.0158934	149.6762696	2.049913555	47	299	0.0014	0.043454545	271	DEG	AT3G53540.1
POPTR_0010s09790.1	37.0539236	207.1331951	5.590047556	207	22	0	0	25	DEG	AT4G14910.1
POPTR_0007s09320.1	33.75278756	67.31263496	1.994283727	608	548	0.0017	0.046434286	307	DEG	AT4G35790.2
POPTR_0014s00630.1	24.46208221	10.60346425	-2.306989644	87	1170	8.00E-04	0.038626263	238	DEG	AT3G14470.1
POPTR_0014s06440.1	159.3272456	393.7803485	2.471519212	35	94	4.00E-04	0.022494118	108	DEG	AT2G45350.1
POPTR_0013s00710.1	343.2467847	804.1090213	2.342655655	2913	18	3.00E-04	0.020485714	94	DEG	AT4G25810.1
POPTR_0003s12370.1	426.5909505	926.0900444	2.17090879	123	79	9.00E-04	0.035262295	205	DEG	AT1G12770.1
POPTR_0004s04520.1	58.64390411	177.9036999	3.033626471	1020	82	1.00E-04	0.011658537	54	DEG	AT1G28250.1
POPTR_0006s02320.1	96.54635401	190.0372764	1.968352698	3464	139	0.0012	0.039833333	254	DEG	AT1G22400.1
POPTR_0003s04970.1	25.74192666	10.8714662	-2.367843139	95	1012	6.00E-04	0.033741176	190	DEG	AT3G16200.1
POPTR_0010s08670.2	17.08886785	66.97684849	3.919326258	129	190	0	0	31	DEG	AT3G23090.1
POPTR_0006s28180.1	14.11136518	30.67417513	2.173721305	1301	930	0.0011	0.037557143	226	DEG	AT5G25050.1
POPTR_0005s07270.1	75.29149327	16.79693458	-4.482454397	646	101	0	0	34	DEG	AT3G62450.1
POPTR_0012s09230.1	120.4732309	10.84810039	-11.10546792	96	26	0	0	35	DEG	AT2G31880.1
POPTR_0010s12430.2	40.47816049	13.41173996	-3.018114027	270	500	2.00E-04	0.0239	121	DEG	---
POPTR_0001s28930.1	123.3684018	54.19143267	-2.276529623	144	263	8.00E-04	0.037861386	230	DEG	AT2G30170.1
POPTR_0006s03890.1	5.113068959	11.40272796	2.230114253	79	3031	8.00E-04	0.03445045	196	DEG	AT2G41140.1
POPTR_0007s04490.1	47.34750824	23.18358829	-2.042285588	902	646	0.0016	0.049341935	332	DEG	AT5G63940.1
POPTR_0018s03710.1	50.87560241	11.1872208	-4.547653373	3290	406	4.00E-04	0.028969697	155	DEG	AT5G10710.2
POPTR_0009s15150.2	77.29346165	33.97030926	-2.27532405	2265	249	7.00E-04	0.036369565	213	DEG	AT3G52730.1
POPTR_0012s10420.2	25.15313618	62.47541167	2.483802069	1068	316	3.00E-04	0.019643836	89	DEG	AT3G48710.1
POPTR_0013s15530.1	77.27118332	26.60975256	-2.903867037	2498	353	0.0012	0.044123077	278	DEG	AT1G14320.1
POPTR_0015s10570.1	79.62104921	199.321378	2.503375427	146	152	4.00E-04	0.021977011	103	DEG	AT5G63420.1
POPTR_0004s16350.1	16.79300718	6.500516925	-2.583334121	940	1918	8.00E-04	0.036769231	218	DEG	AT2G21620.1
POPTR_0018s03460.1	12.82566223	27.86029492	2.172230519	121	1063	9.00E-04	0.034693548	199	DEG	AT4G31540.1
POPTR_0004s02750.1	15.70663955	7.235078472	-2.170901063	214	2128	0.0013	0.044705036	286	DEG	AT1G11340.1
POPTR_0002s09400.2	17.17043477	6.228367861	-2.756811278	1385	1887	7.00E-04	0.035978495	211	DEG	AT4G08690.1
POPTR_0010s05000.1	28.68937245	9.094735333	-3.154503281	2320	899	6.00E-04	0.033348837	187	DEG	AT1G70370.2
POPTR_0005s10430.2	2747.33813	7656.52807	2.786889603	97	9	2.00E-04	0.01620339	71	DEG	AT4G16444.1
POPTR_0001s38370.1	14.82408587	49.88570115	3.365178912	27	294	0	0	41	DEG	AT2G29120.1
POPTR_0002s09600.1	1798.37143	3984.090371	2.215387936	90	27	8.00E-04	0.033252174	186	DEG	AT1G78160.1
POPTR_0019s01600.1	9.409965826	22.05910942	2.344228431	178	1304	7.00E-04	0.031566038	174	DEG	AT2G03200.1
POPTR_0001s06240.5	353.7876551	28.96184421	-12.21564665	232	8	0	0	44	DEG	AT3G54500.1
POPTR_0008s04100.1	132.1526074	42.42123888	-3.115246297	802	135	3.00E-04	0.024305085	124	DEG	AT1G61560.1
POPTR_0002s20210.1	19.35970301	187.2495891	9.672131283	136	20	0	0	45	DEG	AT2G47500.1
POPTR_0010s05900.1	75.99243476	25.60095226	-2.968344068	22	238	2.00E-04	0.021244444	98	DEG	AT4G24740.1
POPTR_0086s00210.1	89.34080231	36.79014113	-2.428389769	23	292	5.00E-04	0.030253165	164	DEG	---
POPTR_0007s05410.2	128.8896746	302.6069563	2.34779828	349	125	8.00E-04	0.032683761	180	DEG	AT2G22300.1
POPTR_0011s04950.1	30.83807563	8.952399854	-3.444671388	1364	765	3.00E-04	0.031173913	170	DEG	AT2G47960.1
POPTR_0010s07850.1	134.9968756	54.93334126	-2.457467042	423	183	5.00E-04	0.035147059	204	DEG	AT3G23510.1
POPTR_0014s15570.2	38.2071959	17.25654809	-2.214069447	2093	686	0.0013	0.047435115	316	DEG	AT5G55140.1
POPTR_0006s06150.1	137.6641087	52.6163352	-2.61637585	2413	89	1.00E-04	0.0239	119	DEG	AT3G18670.1
POPTR_0011s14830.1	97.83080685	46.12545699	-2.120972088	567	352	0.0012	0.04552381	296	DEG	---
POPTR_0016s08960.1	136.3372585	270.1126258	1.981209163	3513	130	0.0014	0.044317881	281	DEG	AT3G09740.1
POPTR_0008s09440.1	61.01956422	23.94512433	-2.548308515	522	356	4.00E-04	0.031344262	172	DEG	AT2G03480.1
POPTR_0002s21740.1	29.06573136	74.82375746	2.574294675	13	305	3.00E-04	0.023129032	114	DEG	AT4G03965.1
POPTR_0001s30810.1	22.79848828	58.64022633	2.572110291	52	397	3.00E-04	0.022761905	109	DEG	AT4G34215.1
POPTR_0010s13350.1	10.13280302	67.89484927	6.700500263	6	102	0	0	5	DEG	AT1G68440.1
POPTR_0001s04470.1	543.0841599	454.7602236	-1.194220892	8219	14	7.00E-04	0.037595506	227	DEG	AT2G20142.1
POPTR_0004s18160.1	7.905218982	17.56287842	2.221681456	467	1893	0.0012	0.040111888	255	DEG	AT1G68000.1
POPTR_1677s00200.1	159.6703519	44.53749771	-3.585076848	40	88	1.00E-04	0.021727273	100	DEG	AT5G40990.1
POPTR_0479s00200.1	80.52177709	27.30265585	-2.949228732	93	221	2.00E-04	0.027314286	148	DEG	AT5G40470.1
POPTR_0014s11890.1	19.53221823	7.215580228	-2.706950461	261	1242	3.00E-04	0.029265306	157	DEG	AT5G47900.1
POPTR_0013s14370.1	135.8236209	267.1854332	1.96714998	946	198	0.0017	0.048369048	325	DEG	AT1G12470.1
POPTR_0001s15900.1	23.95436949	57.23467728	2.389320968	39	456	5.00E-04	0.026853933	145	DEG	AT5G44790.1
POPTR_0006s02370.1	142.7571875	53.69476566	-2.658679775	156	164	3.00E-04	0.028117647	150	DEG	AT1G22400.1
POPTR_0019s09090.1	16.06209185	46.17534777	2.874802872	2188	596	8.00E-04	0.035082569	203	DEG	AT3G10850.1
POPTR_0001s33220.1	11.09689427	22.23882508	2.00405848	620	1474	0.0015	0.04566879	297	DEG	AT3G26890.5
POPTR_0009s13280.2	33.2378591	135.9961693	4.091604362	439	91	0	0	10	DEG	---
POPTR_0002s11100.1	272.2624394	131.3096483	-2.073438189	216	189	0.0015	0.048445946	326	DEG	AT4G24430.1
POPTR_0016s14250.1	237.5713304	573.2295725	2.412873521	180	85	5.00E-04	0.026555556	142	DEG	AT1G29690.1
POPTR_0007s07860.1	42.08448617	89.77591853	2.133230715	177	415	0.0013	0.041986486	265	DEG	AT3G18620.1
POPTR_0001s20880.1	221.2861925	545.4493187	2.464904441	2046	43	4.00E-04	0.0239	120	DEG	AT1G52520.1
POPTR_0006s09730.2	74.587722	214.0384358	2.869620228	1005	119	4.00E-04	0.023604938	118	DEG	AT3G09090.1
POPTR_0015s09620.1	147.8651778	300.3106636	2.030976245	149	187	0.0015	0.04509434	291	DEG	AT5G56670.1
POPTR_0010s12180.1	72.06900925	25.41809311	-2.835342878	34	260	2.00E-04	0.026555556	143	DEG	AT1G23100.1
POPTR_0010s10980.1	118.5061076	49.65985082	-2.386356497	3366	97	3.00E-04	0.027576923	149	DEG	AT1G09290.1
POPTR_0014s09690.1	6.374079156	15.06333414	2.363217302	201	2087	6.00E-04	0.02956701	160	DEG	AT1G01220.1
POPTR_0007s13810.1	117.5395668	237.8742805	2.023780477	642	231	0.0017	0.047244186	315	DEG	AT4G36195.3
POPTR_0002s08140.1	307.203861	135.5848843	-2.265767771	577	131	0.0011	0.044184874	279	DEG	AT3G19910.1
POPTR_0009s06820.1	35.29292524	15.99238747	-2.206857814	1219	709	0.001	0.041565217	262	DEG	AT3G12650.1
POPTR_0014s13950.1	89.34450569	194.1875782	2.173469725	105	218	0.001	0.03734375	224	DEG	AT2G30990.2
POPTR_0009s03660.1	45.04548054	118.0962027	2.621710353	81	195	3.00E-04	0.021402985	99	DEG	AT1G07570.1
POPTR_0003s19020.1	6.339701737	16.1345793	2.545006054	389	1867	5.00E-04	0.025698925	136	DEG	AT3G12400.1
POPTR_0004s01310.1	43.79837464	180.3970147	4.118806148	170	69	0	0	16	DEG	AT5G07900.1
POPTR_0818s00200.1	412.734957	1025.205597	2.483932072	395	35	3.00E-04	0.021088235	97	DEG	---
POPTR_0001s28620.1	8.006919521	15.97922539	1.995677033	82	2209	0.0017	0.046971098	312	DEG	AT2G30080.1
POPTR_0013s12760.1	127.2654981	257.7868134	2.025582874	50	224	0.0015	0.04398773	276	DEG	AT4G35020.1
POPTR_0016s03110.1	32.01790989	10.96051289	-2.92120544	2403	661	5.00E-04	0.032297297	178	DEG	AT5G65600.1
POPTR_0014s06330.1	44.71867159	8.293868838	-5.391774631	17	220	0	0	21	DEG	AT2G45270.1
POPTR_0008s03290.1	32.93699114	69.11665122	2.098450673	1139	463	0.0011	0.037827338	229	DEG	AT5G04280.1
POPTR_0003s18670.1	516.2780632	211.5759706	-2.440154531	1627	90	0.0011	0.043098361	268	DEG	AT5G23570.1
POPTR_0001s12600.1	5.372902647	25.97676893	4.834773797	5181	1623	0.0018	0.048610169	327	DEG	AT2G19640.2
POPTR_0008s06700.1	19.08563084	41.98195787	2.199663099	84	696	9.00E-04	0.035553719	208	DEG	AT2G40110.1
POPTR_0008s06850.1	49.85305946	13.06304726	-3.816342271	175	279	0	0	27	DEG	AT5G05660.1
POPTR_0001s47400.1	159.2344479	55.4119436	-2.873648488	241	110	2.00E-04	0.025157895	131	DEG	AT1G30700.1
POPTR_0080s00230.1	998.4522641	4086.683639	4.09301855	173	5	0	0	28	DEG	AT1G11300.1
POPTR_0004s17110.1	191.300714	515.9902417	2.697272953	205	52	2.00E-04	0.017703704	79	DEG	---
POPTR_0003s13020.1	6.392870096	39.63889745	6.200485362	148	300	0	0	32	DEG	AT1G75060.1
POPTR_0007s10280.4	4.274340079	10.96338551	2.564930565	1376	3644	9.00E-04	0.03497561	202	DEG	AT2G23140.1
POPTR_0003s07490.1	63.20843684	19.71014194	-3.20689912	101	264	1.00E-04	0.015419355	68	DEG	AT3G60580.1
POPTR_0191s00230.1	220.5740241	434.3774583	1.969304681	362	163	0.0018	0.048337079	324	DEG	AT1G27410.1
POPTR_0016s14350.1	8.82561947	21.60513952	2.448002612	125	1272	5.00E-04	0.025425532	134	DEG	AT4G32010.1
POPTR_0015s07570.1	249.9979534	97.03160713	-2.576458958	2101	80	4.00E-04	0.029415385	159	DEG	AT1G74700.1
POPTR_0009s01050.1	26.57236377	66.40397927	2.498986535	1441	331	4.00E-04	0.022232558	105	DEG	AT2G28190.1
POPTR_0001s05110.1	7.500301543	22.08435366	2.944462104	86	1025	1.00E-04	0.011380952	53	DEG	AT2G44430.1
POPTR_0016s09080.1	1179.236163	5.387360435	-218.8894129	4882	17	2.00E-04	0.024512821	126	DEG	---
POPTR_0004s00930.1	1614.646551	422.8656265	-3.818344292	69	10	0	0	36	DEG	AT5G42570.1
POPTR_0015s00980.1	12.81365493	5.187389372	-2.470154834	491	2671	8.00E-04	0.037490196	225	DEG	AT3G49350.1
POPTR_0008s16080.1	305.1905533	693.1138798	2.271085629	3295	23	2.00E-04	0.01677193	74	DEG	AT5G43710.1
POPTR_0004s05490.1	89.57403335	41.45716748	-2.160640458	326	365	0.0011	0.042747967	267	DEG	AT3G56770.1
POPTR_0001s34890.1	74.38473858	26.10879154	-2.849030314	187	275	3.00E-04	0.025157895	132	DEG	AT5G14710.1
POPTR_0012s13380.1	21.42122961	56.47649262	2.63647296	128	372	2.00E-04	0.016482759	73	DEG	AT2G36620.1
POPTR_0003s01810.1	64.75871636	29.96089185	-2.161441545	257	532	0.0014	0.046797203	311	DEG	AT5G64200.2
POPTR_0007s01670.1	674.4195498	1445.566811	2.143423647	238	71	0.0013	0.041426667	261	DEG	AT3G20320.1
POPTR_0005s03220.1	5.098217361	16.67023444	3.269816342	60	1477	1.00E-04	0.010863636	51	DEG	AT1G55000.1
POPTR_0004s19840.1	25.02382157	8.87651199	-2.819105252	73	883	2.00E-04	0.022232558	106	DEG	AT2G29500.1
POPTR_0006s27100.1	83.42885963	25.22766456	-3.307038565	135	175	1.00E-04	0.0149375	66	DEG	AT3G19720.1
POPTR_0003s15230.1	25.54912355	55.80091737	2.184063859	301	533	8.00E-04	0.034142857	194	DEG	---
POPTR_0009s13700.2	171.4563522	360.2994247	2.101406102	405	173	0.0016	0.045796407	299	DEG	AT4G35020.1
POPTR_0009s05830.3	33.49100346	159.8822821	4.773887481	2	47	0	0	38	DEG	AT1G51340.2
POPTR_0001s37670.4	702.0473422	338.0405323	-2.076814095	256	104	0.0014	0.046472222	308	DEG	AT5G47650.1
POPTR_0019s08120.1	132.4274221	332.1863966	2.508441163	3725	15	1.00E-04	0.010622222	50	DEG	AT3G47390.2
POPTR_0005s18480.1	9.828714072	22.75542345	2.315198437	312	1229	6.00E-04	0.028969697	156	DEG	AT5G67210.1
POPTR_0015s06910.1	64	14.99137783	-4.269120607	134	150	0	0	39	DEG	AT5G61010.2
POPTR_0004s02530.1	55.44437622	119.8493254	2.161613738	226	290	9.00E-04	0.034416	195	DEG	AT4G23180.1
POPTR_0018s13080.1	150.819049	36.26254939	-4.159085655	255	84	0	0	40	DEG	AT5G25360.1
POPTR_0010s00800.1	106.5998117	13.78836211	-7.731143905	355	42	0	0	42	DEG	AT4G16070.1
POPTR_0001s11740.1	10.4613888	24.41195624	2.333529201	274	1124	6.00E-04	0.02839604	151	DEG	AT5G51230.1
POPTR_0014s04030.1	74.75973155	33.66810137	-2.22049146	92	421	9.00E-04	0.038756757	240	DEG	AT5G42620.2
POPTR_0016s00730.1	13.50061015	6.388266553	-2.113344838	334	2649	0.0016	0.049025641	331	DEG	AT5G47680.1
POPTR_0016s14880.1	40.15261948	16.47577558	-2.437070066	1321	754	0.0014	0.045835616	300	DEG	AT2G28330.1
POPTR_0015s06530.1	20.01906435	44.01733818	2.198771002	169	644	8.00E-04	0.032965517	183	DEG	AT1G13580.3
POPTR_0018s03680.1	26.52932391	11.76825996	-2.254311513	196	1094	9.00E-04	0.038070796	233	DEG	AT4G31430.2
POPTR_0011s02470.2	11.3596713	30.45944195	2.68136649	33	712	2.00E-04	0.015933333	70	DEG	AT4G26750.1
POPTR_0004s09210.1	682.6417851	279.7092	-2.440541051	54	66	6.00E-04	0.032965517	184	DEG	AT1G71090.1
POPTR_0018s04570.1	109.7672252	35.8479513	-3.062022269	424	179	3.00E-04	0.0239	122	DEG	AT1G72770.3
POPTR_0001s29530.1	180.1922903	39.75748402	-4.532286053	436	56	0	0	47	DEG	AT2G14580.1
POPTR_0019s12660.1	67.88179007	30.71691479	-2.209915629	430	479	0.0012	0.045888	301	DEG	AT2G43780.2
POPTR_0012s11670.1	93.58744905	243.5785292	2.602683711	510	113	4.00E-04	0.024512821	125	DEG	AT5G45160.1
POPTR_0007s13120.1	11.11994678	28.85924023	2.595267838	56	817	3.00E-04	0.023508197	117	DEG	AT4G36520.1
POPTR_0337s00240.1	28.26532566	12.34368886	-2.289860508	109	1004	9.00E-04	0.040971429	260	DEG	AT3G26750.1
POPTR_0009s02180.1	1103.209676	2196.890588	1.99136269	726	60	0.0016	0.046072289	304	DEG	AT5G22080.1
POPTR_0014s10420.1	29.36545591	63.97853287	2.17870048	126	518	0.0011	0.039833333	251	DEG	AT4G01575.1
POPTR_0013s01770.1	499.1617898	2606.934335	5.222623984	1920	2	0	0	4	DEG	AT3G05520.2
POPTR_0005s21980.1	142.0651077	322.9578094	2.273308447	340	137	8.00E-04	0.035407407	206	DEG	AT1G71720.1
POPTR_0019s07800.1	15.98052787	7.298007061	-2.189711209	479	2126	0.0015	0.04877551	329	DEG	AT3G59390.1
POPTR_0003s14610.1	1687.049377	612.841646	-2.75283083	2358	21	7.00E-04	0.037177778	222	DEG	AT5G41960.1
POPTR_0001s43200.1	33.80588448	12.13582239	-2.785627821	115	620	3.00E-04	0.030510638	166	DEG	AT4G21390.1
POPTR_0018s00730.2	92.94185946	40.7432067	-2.281162112	935	291	9.00E-04	0.040584906	258	DEG	AT5G11500.1
POPTR_0004s05110.1	67.93335173	16.92463049	-4.013875031	20	161	0	0	6	DEG	AT4G18450.1
POPTR_0017s11340.1	218.4715095	99.46024855	-2.196571119	367	209	0.0014	0.047460993	317	DEG	AT3G28700.1
POPTR_0016s01680.1	35.09862934	9.428331495	-3.722676633	4317	912	0.0014	0.047126761	314	DEG	AT4G12610.2
POPTR_0011s16080.1	520.5373513	1234.064845	2.370751766	1653	30	5.00E-04	0.027159091	147	DEG	AT5G44450.1
POPTR_0003s06970.1	6.80438031	17.75051154	2.608688923	918	1779	6.00E-04	0.029875	161	DEG	AT1G53880.1
POPTR_0011s10670.1	13.94381379	37.68926008	2.702937708	507	609	3.00E-04	0.022061538	104	DEG	AT1G78600.1
POPTR_0004s17160.2	78.65243761	36.44130064	-2.158332338	233	447	0.0013	0.047075758	313	DEG	AT5G45600.2
POPTR_0014s12580.1	163.0555447	61.28498996	-2.660611428	1819	136	7.00E-04	0.036769231	216	DEG	AT4G02485.1
POPTR_0002s20160.1	207.2430381	42.90959978	-4.829759287	3586	81	3.00E-04	0.02868	153	DEG	AT3G05700.1
POPTR_0005s18390.2	233.8725273	638.3153665	2.729330263	24	46	2.00E-04	0.019510204	88	DEG	AT5G67170.1
POPTR_0004s06500.1	213.259142	464.6083389	2.178609247	189	115	0.0011	0.039238806	245	DEG	AT4G31250.1
POPTR_0006s09730.3	617.2445779	1336.658279	2.165524537	441	62	0.001	0.037637795	228	DEG	AT3G09090.1
POPTR_0017s03980.1	73.0158934	29.21043138	-2.499651321	267	309	4.00E-04	0.030349206	165	DEG	AT2G43940.1
POPTR_0009s07250.1	667.888269	1430.41389	2.141696382	61	68	0.0011	0.038948148	241	DEG	AT2G26840.2
POPTR_0012s02200.1	71.2689565	176.9873633	2.483372452	181	147	4.00E-04	0.023317073	115	DEG	AT5G24260.1
POPTR_0009s03670.1	67.79244214	20.90196835	-3.243352062	2132	120	1.00E-04	0.018384615	81	DEG	---
POPTR_0004s17960.1	19.50030131	41.49843185	2.128091827	63	760	0.0011	0.038661765	239	DEG	AT4G34980.1
POPTR_0001s41300.3	124.881414	55.88599821	-2.234574276	130	272	0.001	0.041929825	264	DEG	AT1G07750.1
POPTR_0001s41040.1	25.30423769	56.29877611	2.224875407	1246	624	0.0017	0.0478	320	DEG	AT1G53050.1
POPTR_0015s14540.1	19.5869715	43.11251012	2.201080964	653	616	7.00E-04	0.032485437	179	DEG	AT5G51545.1
POPTR_0016s08190.1	685.2128755	1613.063916	2.354106254	91	39	5.00E-04	0.025978261	138	DEG	AT3G09560.3
POPTR_0001s28440.1	8.973705582	19.57737472	2.181637735	885	1724	0.0015	0.0448125	288	DEG	AT1G07170.2
POPTR_0014s17940.1	12.77653311	45.7412698	3.580100284	4	312	0	0	13	DEG	AT5G42960.1
POPTR_0001s14410.2	56.54419861	198.873033	3.517125327	37	72	0	0	14	DEG	AT3G24190.1
POPTR_0011s10520.1	3371.957248	1810.663595	-1.862277045	5898	1	1.00E-04	0.017071429	75	DEG	AT3G26922.1
POPTR_0010s23080.1	127.2216129	289.7007154	2.277134434	998	171	0.0014	0.044026316	277	DEG	AT5G04220.2
POPTR_1924s00200.1	937.9080244	3675.90353	3.919258002	141	6	0	0	15	DEG	AT4G35780.1
POPTR_0014s17210.1	13.46242368	30.02841879	2.230535861	145	990	9.00E-04	0.036151261	212	DEG	AT3G07565.4
POPTR_0005s01240.1	352.0205897	164.9163457	-2.134540323	859	126	0.0013	0.045691176	298	DEG	AT1G58190.1
POPTR_0006s13870.1	35.36903537	15.46536942	-2.286982898	281	756	8.00E-04	0.03942268	247	DEG	---
POPTR_0014s01590.1	58.43729952	126.5271029	2.165177103	252	310	0.0011	0.038379562	236	DEG	AT1G10200.1
POPTR_0006s04510.1	21.98208921	44.79347222	2.037725886	202	746	0.0015	0.044534161	284	DEG	AT3G57330.1
POPTR_0001s47510.2	35.92166229	17.85587086	-2.01175639	1174	871	0.0016	0.049986928	335	DEG	AT4G26470.1
POPTR_0009s14370.1	14.27203439	28.74455114	2.014047216	283	1160	0.0015	0.044259259	280	DEG	AT2G17040.1
POPTR_0019s12150.1	445.4755647	1258.028246	2.824011787	65	24	1.00E-04	0.01225641	56	DEG	AT3G58110.1
POPTR_0018s12820.1	13.13721799	37.13246804	2.826509241	3384	884	0.0017	0.046701149	309	DEG	AT2G42160.1
POPTR_0003s12700.1	36.2123967	16.03675634	-2.258087354	615	849	0.0013	0.045357664	294	DEG	AT4G23100.3
POPTR_0002s19640.1	260.078878	107.9229499	-2.409857015	1347	96	5.00E-04	0.031866667	175	DEG	AT2G47360.1
POPTR_0011s02930.1	15.40135006	7.187173488	-2.142893877	59	2145	0.0011	0.043454545	270	DEG	AT3G47810.1
POPTR_0007s11190.1	58.12026557	13.25824217	-4.383708248	26	185	0	0	23	DEG	AT3G50630.1
POPTR_0003s15240.1	24.84279435	63.78875544	2.567696473	369	350	3.00E-04	0.020782609	96	DEG	---
POPTR_0005s25670.2	20.95869586	59.81665398	2.854025575	217	304	1.00E-04	0.01195	55	DEG	AT4G16310.1
POPTR_0002s10180.1	5577.583576	2620.430062	-2.128499309	100	28	0.0012	0.044465116	283	DEG	AT4G09060.1
POPTR_0005s21720.2	392.7785851	4.063732469	-96.65463663	5148	103	6.00E-04	0.034142857	193	DEG	AT1G76710.1
POPTR_0003s16480.1	29.08099021	122.6852165	4.218742747	127	77	0	0	29	DEG	AT5G50850.1
POPTR_0002s10290.1	22.19256455	9.61591745	-2.307898822	1155	1502	0.0015	0.0478	321	DEG	AT4G24380.1
POPTR_0003s08970.1	30.66002408	173.7620706	5.667382066	422	25	0	0	30	DEG	AT3G02890.1
POPTR_0005s05120.1	26.88604535	8.210227531	-3.274701614	913	728	1.00E-04	0.015933333	69	DEG	AT5G28060.1
POPTR_0001s20460.1	78.52712055	28.37333399	-2.767638114	83	266	3.00E-04	0.026072727	139	DEG	AT2G19460.1
POPTR_0005s05040.1	70.99170657	30.77022236	-2.307156111	49	403	8.00E-04	0.03824	235	DEG	AT4G14880.4
POPTR_0003s17900.1	136.5348257	371.198773	2.718711297	713	55	2.00E-04	0.017071429	76	DEG	AT5G10970.1
POPTR_0004s18030.1	18.8800764	59.28431654	3.140046432	729	230	0	0	33	DEG	AT4G35000.1
POPTR_0003s20940.1	1219.839232	2620.430062	2.148176573	206	41	0.0011	0.03729078	223	DEG	AT3G13490.1
POPTR_0002s04180.1	54.7273268	26.45312581	-2.068841588	1853	501	0.0013	0.045028986	290	DEG	AT4G14420.1
POPTR_0016s04270.1	149.0358921	66.11696512	-2.25412482	114	241	9.00E-04	0.03946789	248	DEG	AT2G41540.2
POPTR_0013s04760.1	68.06560986	147.2064979	2.162714742	89	255	0.001	0.036769231	217	DEG	AT1G54870.1
POPTR_0012s04250.1	60.18395899	20.46030227	-2.941499015	188	280	2.00E-04	0.023317073	116	DEG	AT3G17910.1
POPTR_0001s39350.1	8.700223308	25.1483754	2.890543669	736	978	3.00E-04	0.019916667	92	DEG	AT1G78630.1
POPTR_0010s12080.1	169.6104873	57.75422818	-2.93676312	1101	105	2.00E-04	0.022761905	112	DEG	AT2G01570.1
POPTR_0003s19480.1	170.4615614	77.10086943	-2.210890262	919	203	0.0011	0.042403226	266	DEG	AT1G08315.1
POPTR_0008s10810.1	104.3800145	225.4187604	2.159596944	41	192	0.001	0.03648855	215	DEG	AT1G10240.1
POPTR_0003s10430.1	54.7273268	147.802938	2.700715467	1196	200	6.00E-04	0.02868	154	DEG	AT4G34660.1
POPTR_0015s04950.1	79.1645269	175.6973473	2.2193949	67	219	8.00E-04	0.033840708	191	DEG	AT3G17830.1
POPTR_0001s38820.1	19.9052623	7.338191281	-2.712557024	9	1232	3.00E-04	0.024724138	127	DEG	---
POPTR_0002s17560.1	74.17213683	149.42758	2.0146053	344	344	0.0019	0.049901099	334	DEG	AT3G61860.1
POPTR_0005s12530.1	130.5198631	44.17042058	-2.95491556	8	132	2.00E-04	0.021727273	102	DEG	AT5G66760.1
POPTR_0001s27260.1	15.04487246	38.8825904	2.584441344	168	592	3.00E-04	0.01912	86	DEG	AT3G63520.1
POPTR_0001s45360.3	17.88851116	38.13523112	2.131828119	542	858	0.0014	0.043174194	269	DEG	AT1G32900.1
POPTR_0004s23250.1	107.0445612	378.7800659	3.538526962	845	19	0	0	43	DEG	AT1G09810.1
POPTR_0017s11820.2	209.862799	58.32657953	-3.598064565	184	59	1.00E-04	0.014058824	62	DEG	AT5G39840.1
POPTR_0001s08790.1	12.37037736	5.580180905	-2.216841635	45	2743	9.00E-04	0.038410714	237	DEG	AT1G12650.1
POPTR_0010s18400.3	18.43262306	8.663516347	-2.127614507	310	1742	0.0013	0.044385714	282	DEG	AT1G54350.1
POPTR_0010s24110.1	12.18326675	38.28889594	3.142744613	38	453	1.00E-04	0.010391304	49	DEG	AT5G03730.1
POPTR_0015s03440.2	259.8532519	597.0973863	2.297825338	1055	100	0.0012	0.039020408	243	DEG	AT5G07830.1
POPTR_0005s20450.2	60.7237711	124.6126834	2.052123595	119	354	0.0015	0.043454545	272	DEG	AT1G77290.1
POPTR_0012s13410.1	24.57032319	9.918614609	-2.477193052	1616	1323	0.0016	0.048713376	328	DEG	AT5G07270.1
POPTR_0017s03620.1	48.43995329	104.0907129	2.148860719	51	355	0.0011	0.037028169	219	DEG	---
POPTR_0003s11850.1	68.1213281	196.0971164	2.87864494	7	106	1.00E-04	0.010170213	48	DEG	AT3G58630.1
POPTR_0009s12080.1	120.764125	38.92095774	-3.102804556	21	121	1.00E-04	0.026555556	141	DEG	AT4G39230.1
POPTR_0012s02560.1	53.20720238	200.3618154	3.765689727	43	54	0	0	1	DEG	AT3G26100.2
POPTR_0017s12800.1	179.5501638	68.04072427	-2.638863206	780	117	5.00E-04	0.034637681	198	DEG	AT3G02090.1
POPTR_0008s22810.1	855.3998388	305.1869884	-2.802871261	1265	44	6.00E-04	0.03585	209	DEG	AT2G39090.1
POPTR_0003s20980.1	9.713792422	36.1696956	3.723540099	12	417	0	0	3	DEG	AT1G55360.1
POPTR_0001s16160.1	10.3325107	29.50332046	2.855387361	103	669	1.00E-04	0.015419355	67	DEG	AT3G14360.1
POPTR_0012s11280.2	21.24250704	6.212683665	-3.419215943	2040	1453	5.00E-04	0.034142857	192	DEG	AT5G07330.1
POPTR_0001s16880.1	1239.76347	4294.406839	3.46389206	94	7	1.00E-04	0.0149375	65	DEG	AT1G54150.1
POPTR_0011s11850.1	68.74589844	32.02778352	-2.146445707	6814	336	7.00E-04	0.038022727	232	DEG	AT3G14620.1
POPTR_0001s42970.1	272.9086808	127.3850832	-2.142391196	374	169	0.0012	0.045165354	292	DEG	AT1G79040.1
POPTR_0003s21400.1	433.9085805	1527.49146	3.520307108	5	12	0	0	7	DEG	AT1G11880.1
POPTR_0013s12220.1	41.83916655	107.6993894	2.574128461	31	225	3.00E-04	0.02240625	107	DEG	AT3G58600.1
POPTR_0004s08450.1	78.49111267	34.87340871	-2.250743921	607	420	0.0012	0.0448125	287	DEG	AT1G48480.1
POPTR_0016s10060.1	199.5341179	77.59343864	-2.571533385	3365	86	5.00E-04	0.033661972	189	DEG	AT3G54000.1
POPTR_0006s00420.1	5.892245761	46.83752973	7.94901157	6306	922	7.00E-04	0.032803922	182	DEG	AT4G17180.1
POPTR_0008s11820.1	88.62111603	297.0197321	3.351568401	16	49	1.00E-04	0.014058824	61	DEG	AT3G25860.1
POPTR_0001s24440.1	96.61956185	268.4332244	2.778249242	1747	76	3.00E-04	0.021727273	101	DEG	AT5G59305.1
POPTR_0014s07290.2	25.37264286	6.958875303	-3.646083851	64	706	1.00E-04	0.020782609	95	DEG	AT4G10150.1
POPTR_0006s02530.2	40.45964507	16.6298321	-2.432955716	403	663	8.00E-04	0.039833333	252	DEG	AT1G72680.1
POPTR_0004s08470.1	1064.104787	476.7213685	-2.232131508	197	63	9.00E-04	0.040205607	256	DEG	AT5G15330.1
POPTR_0013s06060.2	155.6527725	130.6835402	-1.19106639	13901	297	0.001	0.037936508	231	DEG	AT2G02760.1
POPTR_0013s02780.1	69.34422581	19.97328878	-3.471848155	28	202	1.00E-04	0.01912	84	DEG	AT5G27380.1
POPTR_0018s13550.1	35.89879847	83.49104977	2.325733822	665	359	8.00E-04	0.034763636	200	DEG	AT2G17220.1
POPTR_0005s16300.1	18.6784475	40.29611381	2.157358839	1179	842	0.0017	0.04808284	322	DEG	AT3G19770.1
POPTR_0007s04870.1	96.00768439	46.27128412	-2.074886967	432	375	0.0013	0.046373134	306	DEG	AT3G05270.2
POPTR_0010s02080.1	14.23681389	5.228741611	-2.722799279	1945	2589	0.0013	0.04602963	303	DEG	AT2G28290.1
POPTR_0012s12420.1	226.9212854	84.96622749	-2.670723323	18	107	3.00E-04	0.027056604	146	DEG	AT5G15740.1
POPTR_0005s20540.1	1223.48628	487.2945065	-2.5107738	2798	13	2.00E-04	0.025837838	137	DEG	AT1G21590.1
POPTR_0002s03470.1	293.4854345	163.307382	-1.797135138	10591	165	0.0011	0.044559322	285	DEG	AT1G75350.1
POPTR_0001s14780.1	450.2109717	178.5010433	-2.522175576	1063	73	5.00E-04	0.032739726	181	DEG	AT5G10970.1
POPTR_0014s16420.1	68.91325281	19.90717497	-3.461729396	19	204	1.00E-04	0.017703704	78	DEG	AT3G07750.2
POPTR_0018s11870.1	645.1375427	1449.407255	2.246663942	42	51	7.00E-04	0.032173077	177	DEG	AT1G63270.1
POPTR_0005s09250.2	47.5005146	125.5892183	2.6439549	548	201	4.00E-04	0.023036145	113	DEG	AT5G23280.1
POPTR_0003s08700.1	43.96376871	131.0036288	2.979808888	117	116	1.00E-04	0.012918919	58	DEG	AT1G32440.1
POPTR_0014s10880.2	49.22254356	114.8257695	2.332788215	159	273	6.00E-04	0.029265306	158	DEG	AT1G02520.1
POPTR_0011s11840.1	39.40456992	14.21732942	-2.771587318	318	567	3.00E-04	0.026555556	144	DEG	AT3G14620.1
POPTR_0001s11920.1	706.9347825	5.056452477	-139.8084499	5032	37	4.00E-04	0.029875	163	DEG	---
POPTR_0002s08830.1	64.74882951	30.53874364	-2.120219164	738	480	0.0011	0.043816667	275	DEG	AT2G25710.1
POPTR_0016s05310.1	379.2350765	111.8842889	-3.38952931	68	34	1.00E-04	0.016482759	72	DEG	AT3G57670.1
POPTR_0003s08300.1	18.07655849	56.650482	3.133919657	3248	534	0.0014	0.043738562	274	DEG	AT4G17640.2
POPTR_0003s13340.1	159.3930385	18.17499661	-8.769907471	327	32	0	0	22	DEG	AT4G23630.1
POPTR_0014s06710.1	40.20193291	9.871727988	-4.072431185	4434	758	0.0015	0.048120805	323	DEG	AT2G45460.2
POPTR_0009s04350.2	34.05440746	120.1265935	3.527490346	1021	93	0	0	26	DEG	AT5G59050.1
POPTR_0046s00230.1	12.36444492	6.030246326	-2.050404619	77	2897	0.0016	0.049662338	333	DEG	AT4G27680.1
POPTR_0001s28680.1	9.332198117	27.31880445	2.927370819	370	839	2.00E-04	0.018037736	80	DEG	AT5G58560.1
POPTR_0006s03100.1	21.94146407	49.14431543	2.239791988	337	610	0.001	0.037054264	220	DEG	AT5G19750.1
POPTR_0006s19890.1	30.04009781	86.19402769	2.869299169	44	229	2.00E-04	0.017381818	77	DEG	AT5G57990.1
POPTR_0014s09560.1	64.58815897	32.29732528	-1.999799005	4438	337	0.0015	0.047483444	318	DEG	AT2G46530.1
POPTR_0006s07110.1	67.49528644	25.25811768	-2.672221552	822	330	5.00E-04	0.031447368	173	DEG	---
POPTR_0009s08380.2	14.37249342	41.92034224	2.916706309	368	413	1.00E-04	0.011116279	52	DEG	AT5G64460.1
POPTR_0009s04250.1	483.5399568	174.318508	-2.773887652	861	50	3.00E-04	0.025607143	135	DEG	AT5G59160.1
POPTR_0017s08590.1	21.69932996	45.27222937	2.086342272	66	719	0.0012	0.039558621	250	DEG	AT4G13870.2
POPTR_0005s03490.1	41.8600621	18.91301035	-2.213294517	71	693	9.00E-04	0.039109091	244	DEG	AT1G27170.2
POPTR_0015s03440.1	66.49057633	187.7141115	2.823168663	625	134	3.00E-04	0.020197183	93	DEG	AT5G07830.1
POPTR_0004s23560.1	72.79168208	31.94465264	-2.278681284	36	402	8.00E-04	0.037126214	221	DEG	AT1G57680.1
POPTR_0005s11290.1	825.0035995	1888.873618	2.289533791	172	36	7.00E-04	0.031866667	176	DEG	AT2G17800.2
POPTR_0009s04910.1	119.1621466	27.13707678	-4.391119485	1600	33	0	0	37	DEG	AT2G29700.1
POPTR_0008s16780.1	37.42289296	90.30347191	2.413054277	116	302	5.00E-04	0.025157895	133	DEG	AT3G23325.1
POPTR_0004s23820.1	109.4684756	32.97870776	-3.319368255	3076	256	0.0014	0.046151724	305	DEG	AT2G02560.2
POPTR_0013s10420.1	41.26946056	86.07381727	2.085654043	339	414	0.0012	0.039287671	246	DEG	AT1G22810.1
POPTR_0015s13600.1	33.24879674	74.94622446	2.25410336	154	399	8.00E-04	0.03354386	188	DEG	AT5G51940.1
POPTR_0009s04720.1	82.83014769	31.31577342	-2.644997668	299	288	5.00E-04	0.031038961	169	DEG	AT2G38080.1
POPTR_0006s24260.1	16.50782309	43.51106611	2.635784613	32	510	3.00E-04	0.019378378	87	DEG	AT5G11950.1
POPTR_0006s04560.1	25.61775239	8.641617304	-2.964462726	1325	1003	5.00E-04	0.030641026	167	DEG	AT2G41530.1
POPTR_0001s29480.1	407.0190878	122.6883248	-3.317504649	72	38	1.00E-04	0.014484848	64	DEG	AT4G33690.1
POPTR_0729s00200.1	288.4235652	65.57704972	-4.39823942	74	29	0	0	46	DEG	AT1G19020.1
POPTR_0001s04120.1	60.65163452	23.62458261	-2.567310311	80	390	4.00E-04	0.028537313	152	DEG	AT1G55340.1
POPTR_0007s01570.1	5.79570802	14.06349425	2.426536017	501	2349	7.00E-04	0.031271028	171	DEG	AT2G43490.4
